Ρυθμός απόδοσης Xj:
	X_1: 9.207657
	X_2: 5.843539
Συνολικός ρυθμός απόδοσης X: 15.051196
Χρόνος απόκρισης Rj:
	R_1: 33.016000
	R_2: 41.071000
Συνολικός χρόνος απόκρισης R: 74.087000
Αριθμός εργασιών Qij:
	Q_1_1: 230.191422
	Q_2_1: 5.008965
	Q_3_1: 0.000000
	Q_4_1: 7.513448
	Q_5_1: 0.230191
	Q_6_1: 0.000000
	Q_7_1: 9.235280
	Q_8_1: 10.957112
	Q_9_1: 0.000000
	Q_10_1: 0.000000
	Q_11_1: 7.513448
	Q_12_1: 8.452629
	Q_13_1: 0.635328
	Q_14_1: 10.487521
	Q_15_1: 13.774655
	Q_1_2: 169.462638
	Q_2_2: 0.000000
	Q_3_2: 11.044289
	Q_4_2: 16.443719
	Q_5_2: 0.000000
	Q_6_2: 0.093497
	Q_7_2: 0.000000
	Q_8_2: 0.000000
	Q_9_2: 3.436001
	Q_10_2: 3.067858
	Q_11_2: 7.117431
	Q_12_2: 8.099145
	Q_13_2: 0.619415
	Q_14_2: 8.835431
	Q_15_2: 11.780575
Αριθμός εργασιών Qi (sum):
	Q_1: 399.654060
	Q_2: 5.008965
	Q_3: 11.044289
	Q_4: 23.957167
	Q_5: 0.230191
	Q_6: 0.093497
	Q_7: 9.235280
	Q_8: 10.957112
	Q_9: 3.436001
	Q_10: 3.067858
	Q_11: 14.630879
	Q_12: 16.551774
	Q_13: 1.254743
	Q_14: 19.322953
	Q_15: 25.555230
Βαθμός χρησιμοποίησης Uij:
	U_1_1: 230.191422
	U_2_1: 0.294645
	U_3_1: 0.000000
	U_4_1: 0.441968
	U_5_1: 0.230191
	U_6_1: 0.000000
	U_7_1: 0.543252
	U_8_1: 0.644536
	U_9_1: 0.000000
	U_10_1: 0.000000
	U_11_1: 0.441968
	U_12_1: 0.497213
	U_13_1: 0.635328
	U_14_1: 0.616913
	U_15_1: 0.810274
	U_1_2: 169.462638
	U_2_2: 0.000000
	U_3_2: 0.525919
	U_4_2: 0.783034
	U_5_2: 0.000000
	U_6_2: 0.093497
	U_7_2: 0.000000
	U_8_2: 0.000000
	U_9_2: 0.163619
	U_10_2: 0.146088
	U_11_2: 0.338925
	U_12_2: 0.385674
	U_13_2: 0.619415
	U_14_2: 0.420735
	U_15_2: 0.560980
Βαθμός χρησιμοποίησης Ui (sum):
	U_1: 399.654060
	U_2: 0.294645
	U_3: 0.525919
	U_4: 1.225002
	U_5: 0.230191
	U_6: 0.093497
	U_7: 0.543252
	U_8: 0.644536
	U_9: 0.163619
	U_10: 0.146088
	U_11: 0.780893
	U_12: 0.882887
	U_13: 1.254743
	U_14: 1.037648
	U_15: 1.371254
