Ρυθμός απόδοσης Xj:
	X_1: 9.201422
	X_2: 5.838654
Συνολικός ρυθμός απόδοσης X: 15.040076
Χρόνος απόκρισης Rj:
	R_1: 33.038370
	R_2: 41.105366
Συνολικός χρόνος απόκρισης R: 74.143736
Αριθμός εργασιών Qij:
	Q_1_1: 230.035560
	Q_2_1: 5.005574
	Q_3_1: 0.000000
	Q_4_1: 7.508361
	Q_5_1: 0.230036
	Q_6_1: 0.000000
	Q_7_1: 9.229027
	Q_8_1: 10.949693
	Q_9_1: 0.000000
	Q_10_1: 0.000000
	Q_11_1: 7.508361
	Q_12_1: 8.446906
	Q_13_1: 0.840736
	Q_14_1: 10.480420
	Q_15_1: 13.765328
	Q_1_2: 169.320960
	Q_2_2: 0.000000
	Q_3_2: 11.035056
	Q_4_2: 16.429972
	Q_5_2: 0.000000
	Q_6_2: 0.093418
	Q_7_2: 0.000000
	Q_8_2: 0.000000
	Q_9_2: 3.433128
	Q_10_2: 3.065293
	Q_11_2: 7.111480
	Q_12_2: 8.092374
	Q_13_2: 0.819548
	Q_14_2: 8.828045
	Q_15_2: 11.770726
Αριθμός εργασιών Qi (sum):
	Q_1: 399.356520
	Q_2: 5.005574
	Q_3: 11.035056
	Q_4: 23.938332
	Q_5: 0.230036
	Q_6: 0.093418
	Q_7: 9.229027
	Q_8: 10.949693
	Q_9: 3.433128
	Q_10: 3.065293
	Q_11: 14.619841
	Q_12: 16.539280
	Q_13: 1.660284
	Q_14: 19.308465
	Q_15: 25.536054
Βαθμός χρησιμοποίησης Uij:
	U_1_1: 230.035560
	U_2_1: 0.294446
	U_3_1: 0.000000
	U_4_1: 0.441668
	U_5_1: 0.230036
	U_6_1: 0.000000
	U_7_1: 0.542884
	U_8_1: 0.644100
	U_9_1: 0.000000
	U_10_1: 0.000000
	U_11_1: 0.441668
	U_12_1: 0.496877
	U_13_1: 0.634898
	U_14_1: 0.616495
	U_15_1: 0.809725
	U_1_2: 169.320960
	U_2_2: 0.000000
	U_3_2: 0.525479
	U_4_2: 0.782380
	U_5_2: 0.000000
	U_6_2: 0.093418
	U_7_2: 0.000000
	U_8_2: 0.000000
	U_9_2: 0.163482
	U_10_2: 0.145966
	U_11_2: 0.338642
	U_12_2: 0.385351
	U_13_2: 0.618897
	U_14_2: 0.420383
	U_15_2: 0.560511
Βαθμός χρησιμοποίησης Ui (sum):
	U_1: 399.356520
	U_2: 0.294446
	U_3: 0.525479
	U_4: 1.224048
	U_5: 0.230036
	U_6: 0.093418
	U_7: 0.542884
	U_8: 0.644100
	U_9: 0.163482
	U_10: 0.145966
	U_11: 0.780310
	U_12: 0.882228
	U_13: 1.253795
	U_14: 1.036878
	U_15: 1.370236
