counter: 1, error_value: 230.191422
counter: 2, error_value: 33.926227
counter: 3, error_value: 10.679301
counter: 4, error_value: 2.886685
counter: 5, error_value: 3.787969
counter: 6, error_value: 1.006855
counter: 7, error_value: 1.573243
counter: 8, error_value: 0.445967
counter: 9, error_value: 0.714111
counter: 10, error_value: 0.247865
counter: 11, error_value: 0.340428
counter: 12, error_value: 0.161677
counter: 13, error_value: 0.165974
counter: 14, error_value: 0.114632
counter: 15, error_value: 0.062803
Ρυθμός απόδοσης Xj:
	X_1: 11.452938
	X_2: 7.717659
Συνολικός ρυθμός απόδοσης X: 19.170597
Χρόνος απόκρισης Rj:
	R_1: 26.543408
	R_2: 31.097512
Συνολικός χρόνος απόκρισης R: 57.640920
Αριθμός εργασιών Qij:
	Q_1_1: 286.323449
	Q_2_1: 0.366494
	Q_3_1: 0.000000
	Q_4_1: 2.637647
	Q_5_1: 0.286323
	Q_6_1: 0.000000
	Q_7_1: 0.675723
	Q_8_1: 0.801706
	Q_9_1: 0.000000
	Q_10_1: 0.000000
	Q_11_1: 1.054940
	Q_12_1: 1.362484
	Q_13_1: 1.039101
	Q_14_1: 2.090834
	Q_15_1: 7.361299
	Q_1_2: 223.812115
	Q_2_2: 0.000000
	Q_3_2: 0.694589
	Q_4_2: 3.855980
	Q_5_2: 0.000000
	Q_6_2: 0.123483
	Q_7_2: 0.000000
	Q_8_2: 0.000000
	Q_9_2: 0.216094
	Q_10_2: 0.192941
	Q_11_2: 0.919403
	Q_12_2: 1.202938
	Q_13_2: 1.075680
	Q_14_2: 1.718537
	Q_15_2: 6.188240
Αριθμός εργασιών Qi (sum):
	Q_1: 510.135564
	Q_2: 0.366494
	Q_3: 0.694589
	Q_4: 6.493627
	Q_5: 0.286323
	Q_6: 0.123483
	Q_7: 0.675723
	Q_8: 0.801706
	Q_9: 0.216094
	Q_10: 0.192941
	Q_11: 1.974343
	Q_12: 2.565422
	Q_13: 2.114781
	Q_14: 3.809371
	Q_15: 13.549539
Βαθμός χρησιμοποίησης Uij:
	U_1_1: 286.323449
	U_2_1: 0.366494
	U_3_1: 0.000000
	U_4_1: 0.549741
	U_5_1: 0.286323
	U_6_1: 0.000000
	U_7_1: 0.675723
	U_8_1: 0.801706
	U_9_1: 0.000000
	U_10_1: 0.000000
	U_11_1: 0.549741
	U_12_1: 0.618459
	U_13_1: 0.790253
	U_14_1: 0.767347
	U_15_1: 1.007859
	U_1_2: 223.812115
	U_2_2: 0.000000
	U_3_2: 0.694589
	U_4_2: 1.034166
	U_5_2: 0.000000
	U_6_2: 0.123483
	U_7_2: 0.000000
	U_8_2: 0.000000
	U_9_2: 0.216094
	U_10_2: 0.192941
	U_11_2: 0.447624
	U_12_2: 0.509366
	U_13_2: 0.818072
	U_14_2: 0.555671
	U_15_2: 0.740895
Βαθμός χρησιμοποίησης Ui (sum):
	U_1: 510.135564
	U_2: 0.366494
	U_3: 0.694589
	U_4: 1.583907
	U_5: 0.286323
	U_6: 0.123483
	U_7: 0.675723
	U_8: 0.801706
	U_9: 0.216094
	U_10: 0.192941
	U_11: 0.997365
	U_12: 1.127824
	U_13: 1.608325
	U_14: 1.323018
	U_15: 1.748754
