counter: 1, error_value: 179.646343
counter: 2, error_value: 20.930055
counter: 3, error_value: 4.288593
counter: 4, error_value: 1.926453
counter: 5, error_value: 4.333473
counter: 6, error_value: 4.969591
counter: 7, error_value: 4.747070
counter: 8, error_value: 4.165590
counter: 9, error_value: 3.499021
counter: 10, error_value: 2.879168
counter: 11, error_value: 2.354214
counter: 12, error_value: 1.929701
counter: 13, error_value: 1.593481
counter: 14, error_value: 1.328679
counter: 15, error_value: 1.119364
counter: 16, error_value: 0.952412
counter: 17, error_value: 0.817681
counter: 18, error_value: 0.707571
counter: 19, error_value: 0.616462
counter: 20, error_value: 0.540200
counter: 21, error_value: 0.475699
counter: 22, error_value: 0.420643
counter: 23, error_value: 0.373272
counter: 24, error_value: 0.332230
counter: 25, error_value: 0.296459
counter: 26, error_value: 0.265120
counter: 27, error_value: 0.237539
counter: 28, error_value: 0.213173
counter: 29, error_value: 0.191574
counter: 30, error_value: 0.172370
counter: 31, error_value: 0.155253
counter: 32, error_value: 0.139962
counter: 33, error_value: 0.126275
counter: 34, error_value: 0.114004
counter: 35, error_value: 0.102986
counter: 36, error_value: 0.027155
Ρυθμός απόδοσης Xj:
	X_1: 6.507009
	X_2: 4.449610
Συνολικός ρυθμός απόδοσης X: 10.956618
Χρόνος απόκρισης Rj:
	R_1: 46.718855
	R_2: 53.937316
Συνολικός χρόνος απόκρισης R: 100.656171
Αριθμός εργασιών Qij:
	Q_1_1: 162.675218
	Q_2_1: 0.262808
	Q_3_1: 0.000000
	Q_4_1: 4.862647
	Q_5_1: 0.162675
	Q_6_1: 0.000000
	Q_7_1: 0.622257
	Q_8_1: 0.835020
	Q_9_1: 0.000000
	Q_10_1: 0.000000
	Q_11_1: 0.725885
	Q_12_1: 0.988085
	Q_13_1: 0.514765
	Q_14_1: 1.792755
	Q_15_1: 130.557884
	Q_1_2: 129.038679
	Q_2_2: 0.000000
	Q_3_2: 0.665941
	Q_4_2: 9.268842
	Q_5_2: 0.000000
	Q_6_2: 0.071194
	Q_7_2: 0.000000
	Q_8_2: 0.000000
	Q_9_2: 0.142231
	Q_10_2: 0.125094
	Q_11_2: 0.599756
	Q_12_2: 0.825764
	Q_13_2: 0.540762
	Q_14_2: 1.317537
	Q_15_2: 97.404199
Αριθμός εργασιών Qi (sum):
	Q_1: 291.713898
	Q_2: 0.262808
	Q_3: 0.665941
	Q_4: 14.131489
	Q_5: 0.162675
	Q_6: 0.071194
	Q_7: 0.622257
	Q_8: 0.835020
	Q_9: 0.142231
	Q_10: 0.125094
	Q_11: 1.325641
	Q_12: 1.813849
	Q_13: 1.055527
	Q_14: 3.110292
	Q_15: 227.962083
Βαθμός χρησιμοποίησης Uij:
	U_1_1: 162.675218
	U_2_1: 0.208224
	U_3_1: 0.000000
	U_4_1: 0.312336
	U_5_1: 0.162675
	U_6_1: 0.000000
	U_7_1: 0.383914
	U_8_1: 0.455491
	U_9_1: 0.000000
	U_10_1: 0.000000
	U_11_1: 0.312336
	U_12_1: 0.351378
	U_13_1: 0.448984
	U_14_1: 0.435970
	U_15_1: 0.572617
	U_1_2: 129.038679
	U_2_2: 0.000000
	U_3_2: 0.400465
	U_4_2: 0.596248
	U_5_2: 0.000000
	U_6_2: 0.071194
	U_7_2: 0.000000
	U_8_2: 0.000000
	U_9_2: 0.124589
	U_10_2: 0.111240
	U_11_2: 0.258077
	U_12_2: 0.293674
	U_13_2: 0.471659
	U_14_2: 0.320372
	U_15_2: 0.427163
Βαθμός χρησιμοποίησης Ui (sum):
	U_1: 291.713898
	U_2: 0.208224
	U_3: 0.400465
	U_4: 0.908584
	U_5: 0.162675
	U_6: 0.071194
	U_7: 0.383914
	U_8: 0.455491
	U_9: 0.124589
	U_10: 0.111240
	U_11: 0.570414
	U_12: 0.645053
	U_13: 0.920642
	U_14: 0.756341
	U_15: 0.999779
